Freq:2:1.2:1.3
Nodes:3

#time  node1  node2     pathloss 
10.000005000  1  3 133.251986   1000.000000
10.002434517  3  2 1000.000000  151.830938
11.000005000  1  3 133.292733   1000.000000
11.002434537  3  2 1000.000000  151.816932
12.000005000  1  3 133.326616   1000.000000
12.002434553  3  2 1000.000000  151.805252
13.000005000  1  3 133.367188   1000.000000
13.002434573  3  2 1000.000000  151.791225
14.000005000  1  3 133.400926   1000.000000
14.002434590  3  2 1000.000000  151.779528
15.000005000  1  3 133.441326   1000.000000
15.002434610  3  2 1000.000000  151.765481
16.000005000  1  3 133.474921   1000.000000
16.002434627  3  2 1000.000000  151.753766
17.000005000  1  3 133.515149   1000.000000
17.002434647  3  2 1000.000000  151.739698
18.000005000  1  3 133.555284   1000.000000
18.002434667  3  2 1000.000000  151.725618
19.000005000  1  3 133.588659   1000.000000
19.002434683  3  2 1000.000000  151.713877
20.000005000  1  3 133.628625   1000.000000
20.002434703  3  2 1000.000000  151.699776
21.000005000  1  3 133.661859   1000.000000
21.002434720  3  2 1000.000000  151.688017
22.000005000  1  3 133.701657   1000.000000
22.002434740  3  2 1000.000000  151.673896
23.000005000  1  3 133.734753   1000.000000
23.002434757  3  2 1000.000000  151.662119
24.000005000  1  3 133.774384   1000.000000
24.002434777  3  2 1000.000000  151.647976
25.000005000  1  3 133.807341   1000.000000
25.002434793  3  2 1000.000000  151.636182
26.000005000  1  3 133.846808   1000.000000
26.002434813  3  2 1000.000000  151.622018
27.000005000  1  3 133.886185   1000.000000
27.002434833  3  2 1000.000000  151.607843
28.000005000  1  3 133.918931   1000.000000
28.002434850  3  2 1000.000000  151.596022
29.000005000  1  3 133.958145   1000.000000
29.002434870  3  2 1000.000000  151.581825
30.000005000  1  3 133.990755   1000.000000
30.002434887  3  2 1000.000000  151.569986
31.000005000  1  3 134.029808   1000.000000
31.002434907  3  2 1000.000000  151.555768
32.000005000  1  3 134.062284   1000.000000
32.002434923  3  2 1000.000000  151.543911
33.000005000  1  3 134.101177   1000.000000
33.002434943  3  2 1000.000000  151.529672
34.000005000  1  3 134.133520   1000.000000
34.002434960  3  2 1000.000000  151.517797
35.000005000  1  3 134.172253   1000.000000
35.002434980  3  2 1000.000000  151.503536
36.000005000  1  3 134.210900   1000.000000
36.002435000  3  2 1000.000000  151.489264
37.000005000  1  3 134.243040   1000.000000
37.002435017  3  2 1000.000000  151.477361
38.000005000  1  3 134.281530   1000.000000
38.002435037  3  2 1000.000000  151.463068
39.000005000  1  3 134.313540   1000.000000
39.002435053  3  2 1000.000000  151.451147
40.000005000  1  3 134.351874   1000.000000
40.002435073  3  2 1000.000000  151.436832
41.000005000  1  3 134.383755   1000.000000
41.002435090  3  2 1000.000000  151.424893
42.000005000  1  3 134.421935   1000.000000
42.002435110  3  2 1000.000000  151.410556
43.000005000  1  3 134.453687   1000.000000
43.002435127  3  2 1000.000000  151.398599
44.000005000  1  3 134.491714   1000.000000
44.002435147  3  2 1000.000000  151.384241
45.000005000  1  3 134.529657   1000.000000
45.002435167  3  2 1000.000000  151.369870
46.000005000  1  3 134.561214   1000.000000
46.002435183  3  2 1000.000000  151.357885
47.000005000  1  3 134.599006   1000.000000
47.002435203  3  2 1000.000000  151.343493
48.000005000  1  3 134.630437   1000.000000
48.002435220  3  2 1000.000000  151.331490
49.000005000  1  3 134.668079   1000.000000
49.002435240  3  2 1000.000000  151.317075
50.000005000  1  3 134.699385   1000.000000
50.002435257  3  2 1000.000000  151.305054
51.000005000  1  3 134.736878   1000.000000
51.002435277  3  2 1000.000000  151.290618
52.000005000  1  3 134.768060   1000.000000
52.002435293  3  2 1000.000000  151.278578
53.000005000  1  3 134.805406   1000.000000
53.002435313  3  2 1000.000000  151.264120
54.000005000  1  3 134.842671   1000.000000
54.002435333  3  2 1000.000000  151.249649
55.000005000  1  3 134.873664   1000.000000
55.002435350  3  2 1000.000000  151.237582
56.000005000  1  3 134.910783   1000.000000
56.002435370  3  2 1000.000000  151.223089
57.000005000  1  3 134.941656   1000.000000
57.002435387  3  2 1000.000000  151.211003
58.000005000  1  3 134.978630   1000.000000
58.002435407  3  2 1000.000000  151.196488
59.000005000  1  3 135.009382   1000.000000
59.002435423  3  2 1000.000000  151.184383
60.000005000  1  3 135.046213   1000.000000
60.002435443  3  2 1000.000000  151.169846
61.000005000  1  3 135.076845   1000.000000
61.002435460  3  2 1000.000000  151.157722
62.000005000  1  3 135.113533   1000.000000
62.002435480  3  2 1000.000000  151.143163
63.000005000  1  3 135.150144   1000.000000
63.002435500  3  2 1000.000000  151.128591
64.000005000  1  3 135.180594   1000.000000
64.002435517  3  2 1000.000000  151.116439
65.000005000  1  3 135.217064   1000.000000
65.002435537  3  2 1000.000000  151.101845
66.000005000  1  3 135.247397   1000.000000
66.002435553  3  2 1000.000000  151.089674
67.000005000  1  3 135.283727   1000.000000
67.002435573  3  2 1000.000000  151.075057
68.000005000  1  3 135.313944   1000.000000
68.002435590  3  2 1000.000000  151.062867
69.000005000  1  3 135.350135   1000.000000
69.002435610  3  2 1000.000000  151.048228
70.000005000  1  3 135.380237   1000.000000
70.002435627  3  2 1000.000000  151.036020
71.000005000  1  3 135.416291   1000.000000
71.002435647  3  2 1000.000000  151.021358
72.000005000  1  3 135.452270   1000.000000
72.002435667  3  2 1000.000000  151.006684
73.000005000  1  3 135.482195   1000.000000
73.002435683  3  2 1000.000000  150.994446
74.000005000  1  3 135.518038   1000.000000
74.002435703  3  2 1000.000000  150.979749
75.000005000  1  3 135.547850   1000.000000
75.002435720  3  2 1000.000000  150.967492
76.000005000  1  3 135.583558   1000.000000
76.002435740  3  2 1000.000000  150.952772
77.000005000  1  3 135.613259   1000.000000
77.002435757  3  2 1000.000000  150.940496
78.000005000  1  3 135.648832   1000.000000
78.002435777  3  2 1000.000000  150.925753
79.000005000  1  3 135.678421   1000.000000
79.002435793  3  2 1000.000000  150.913458
80.000005000  1  3 135.713862   1000.000000
80.002435813  3  2 1000.000000  150.898693
81.000005000  1  3 135.749230   1000.000000
81.002435833  3  2 1000.000000  150.883914
82.000005000  1  3 135.778649   1000.000000
82.002435850  3  2 1000.000000  150.871590
83.000005000  1  3 135.813886   1000.000000
83.002435870  3  2 1000.000000  150.856788
84.000005000  1  3 135.843196   1000.000000
84.002435887  3  2 1000.000000  150.844444
85.000005000  1  3 135.878302   1000.000000
85.002435907  3  2 1000.000000  150.829620
86.000005000  1  3 135.907503   1000.000000
86.002435923  3  2 1000.000000  150.817256
87.000005000  1  3 135.942480   1000.000000
87.002435943  3  2 1000.000000  150.802409
88.000005000  1  3 135.971573   1000.000000
88.002435960  3  2 1000.000000  150.790026
89.000005000  1  3 136.006421   1000.000000
89.002435980  3  2 1000.000000  150.775155
90.000005000  1  3 136.041200   1000.000000
90.002436000  3  2 1000.000000  150.760271
91.000005000  1  3 136.070129   1000.000000
91.002436017  3  2 1000.000000  150.747858
92.000005000  1  3 136.104780   1000.000000
92.002436037  3  2 1000.000000  150.732951
93.000005000  1  3 136.133603   1000.000000
93.002436053  3  2 1000.000000  150.720519
94.000005000  1  3 136.168128   1000.000000
94.002436073  3  2 1000.000000  150.705588
95.000005000  1  3 136.196846   1000.000000
95.002436090  3  2 1000.000000  150.693136
96.000005000  1  3 136.231246   1000.000000
96.002436110  3  2 1000.000000  150.678182
97.000005000  1  3 136.259860   1000.000000
97.002436127  3  2 1000.000000  150.665710
98.000005000  1  3 136.294136   1000.000000
98.002436147  3  2 1000.000000  150.650733
99.000005000  1  3 136.328343   1000.000000
99.002436167  3  2 1000.000000  150.635742
100.000005000  1  3 136.356798  1000.000000
100.002436183  3  2 1000.000000 150.623240
101.000005000  1  3 136.390883  1000.000000
101.002436203  3  2 1000.000000 150.608225
102.000005000  1  3 136.419236  1000.000000
102.002436220  3  2 1000.000000 150.595703
103.000005000  1  3 136.453198  1000.000000
103.002436240  3  2 1000.000000 150.580665
104.000005000  1  3 136.481449  1000.000000
104.002436257  3  2 1000.000000 150.568123
105.000005000  1  3 136.515291  1000.000000
105.002436277  3  2 1000.000000 150.553061
106.000005000  1  3 136.543441  1000.000000
106.002436293  3  2 1000.000000 150.540499
107.000005000  1  3 136.577162  1000.000000
107.002436313  3  2 1000.000000 150.525413
108.000005000  1  3 136.610817  1000.000000
108.002436333  3  2 1000.000000 150.510313
109.000005000  1  3 136.638814  1000.000000
109.002436350  3  2 1000.000000 150.497720
110.000005000  1  3 136.672350  1000.000000
110.002436370  3  2 1000.000000 150.482597
111.000005000  1  3 136.700248  1000.000000
111.002436387  3  2 1000.000000 150.469984
112.000005000  1  3 136.733666  1000.000000
112.002436407  3  2 1000.000000 150.454836
113.000005000  1  3 136.761465  1000.000000
113.002436423  3  2 1000.000000 150.442203
114.000005000  1  3 136.794765  1000.000000
114.002436443  3  2 1000.000000 150.427032
115.000005000  1  3 136.822467  1000.000000
115.002436460  3  2 1000.000000 150.414378
116.000005000  1  3 136.855651  1000.000000
116.002436480  3  2 1000.000000 150.399182
117.000005000  1  3 136.888772  1000.000000
117.002436500  3  2 1000.000000 150.383972
118.000005000  1  3 136.916324  1000.000000
118.002436517  3  2 1000.000000 150.371288
119.000005000  1  3 136.949329  1000.000000
119.002436537  3  2 1000.000000 150.356054
120.000005000  1  3 136.976786  1000.000000
120.002436553  3  2 1000.000000 150.343349
121.000005000  1  3 137.009677  1000.000000
121.002436573  3  2 1000.000000 150.328090
122.000005000  1  3 137.037038  1000.000000
122.002436590  3  2 1000.000000 150.315364
123.000005000  1  3 137.069815  1000.000000
123.002436610  3  2 1000.000000 150.300081
124.000005000  1  3 137.097082  1000.000000
124.002436627  3  2 1000.000000 150.287335
125.000005000  1  3 137.129746  1000.000000
125.002436647  3  2 1000.000000 150.272027
126.000005000  1  3 137.162349  1000.000000
126.002436667  3  2 1000.000000 150.256706
127.000005000  1  3 137.189471  1000.000000
127.002436683  3  2 1000.000000 150.243928
128.000005000  1  3 137.221962  1000.000000
128.002436703  3  2 1000.000000 150.228582
129.000005000  1  3 137.248991  1000.000000
129.002436720  3  2 1000.000000 150.215783
130.000005000  1  3 137.281371  1000.000000
130.002436740  3  2 1000.000000 150.200412
131.000005000  1  3 137.308308  1000.000000
131.002436757  3  2 1000.000000 150.187593
132.000005000  1  3 137.340578  1000.000000
132.002436777  3  2 1000.000000 150.172197
133.000005000  1  3 137.367423  1000.000000
133.002436793  3  2 1000.000000 150.159356
134.000005000  1  3 137.399583  1000.000000
134.002436813  3  2 1000.000000 150.143935
135.000005000  1  3 137.431684  1000.000000
135.002436833  3  2 1000.000000 150.128501
136.000005000  1  3 137.458389  1000.000000
136.002436850  3  2 1000.000000 150.115628
137.000005000  1  3 137.490382  1000.000000
137.002436870  3  2 1000.000000 150.100168
138.000005000  1  3 137.516997  1000.000000
138.002436887  3  2 1000.000000 150.087274
139.000005000  1  3 137.548881  1000.000000
139.002436907  3  2 1000.000000 150.071789
140.000005000  1  3 137.575407  1000.000000
140.002436923  3  2 1000.000000 150.058874
141.000005000  1  3 137.607185  1000.000000
141.002436943  3  2 1000.000000 150.043364
142.000005000  1  3 137.633622  1000.000000
142.002436960  3  2 1000.000000 150.030428
143.000005000  1  3 137.665293  1000.000000
143.002436980  3  2 1000.000000 150.014892
144.000005000  1  3 137.696907  1000.000000
144.002437000  3  2 1000.000000 149.999342
145.000005000  1  3 137.723208  1000.000000
145.002437017  3  2 1000.000000 149.986373
146.000005000  1  3 137.754717  1000.000000
146.002437037  3  2 1000.000000 149.970797
147.000005000  1  3 137.780931  1000.000000
147.002437053  3  2 1000.000000 149.957807
148.000005000  1  3 137.812335  1000.000000
148.002437073  3  2 1000.000000 149.942206
149.000005000  1  3 137.838462  1000.000000
149.002437090  3  2 1000.000000 149.929195
150.000005000  1  3 137.869762  1000.000000
150.002437110  3  2 1000.000000 149.913568
151.000005000  1  3 137.895803  1000.000000
151.002437127  3  2 1000.000000 149.900535
152.000005000  1  3 137.927000  1000.000000
152.002437147  3  2 1000.000000 149.884882
153.000005000  1  3 137.958142  1000.000000
153.002437167  3  2 1000.000000 149.869215
154.000005000  1  3 137.984051  1000.000000
154.002437183  3  2 1000.000000 149.856149
155.000005000  1  3 138.015090  1000.000000
155.002437203  3  2 1000.000000 149.840456
156.000005000  1  3 138.040914  1000.000000
156.002437220  3  2 1000.000000 149.827368
157.000005000  1  3 138.071852  1000.000000
157.002437240  3  2 1000.000000 149.811650
158.000005000  1  3 138.097592  1000.000000
158.002437257  3  2 1000.000000 149.798540
159.000005000  1  3 138.128430  1000.000000
159.002437277  3  2 1000.000000 149.782795
160.000005000  1  3 138.154086  1000.000000
160.002437293  3  2 1000.000000 149.769663
161.000005000  1  3 138.184823  1000.000000
161.002437313  3  2 1000.000000 149.753892
162.000005000  1  3 138.215506  1000.000000
162.002437333  3  2 1000.000000 149.738107
163.000005000  1  3 138.241034  1000.000000
163.002437350  3  2 1000.000000 149.724942
164.000005000  1  3 138.271618  1000.000000
164.002437370  3  2 1000.000000 149.709130
165.000005000  1  3 138.297064  1000.000000
165.002437387  3  2 1000.000000 149.695943
166.000005000  1  3 138.327550  1000.000000
166.002437407  3  2 1000.000000 149.680104
167.000005000  1  3 138.352914  1000.000000
167.002437423  3  2 1000.000000 149.666895
168.000005000  1  3 138.383302  1000.000000
168.002437443  3  2 1000.000000 149.651030
169.000005000  1  3 138.408585  1000.000000
169.002437460  3  2 1000.000000 149.637799
170.000005000  1  3 138.438875  1000.000000
170.002437480  3  2 1000.000000 149.621907
171.000005000  1  3 138.469113  1000.000000
171.002437500  3  2 1000.000000 149.606002
172.000005000  1  3 138.494272  1000.000000
172.002437517  3  2 1000.000000 149.592736
173.000005000  1  3 138.524414  1000.000000
173.002437537  3  2 1000.000000 149.576803
174.000005000  1  3 138.549492  1000.000000
174.002437553  3  2 1000.000000 149.563515
175.000005000  1  3 138.579538  1000.000000
175.002437573  3  2 1000.000000 149.547555
176.000005000  1  3 138.604537  1000.000000
176.002437590  3  2 1000.000000 149.534245
177.000005000  1  3 138.634489  1000.000000
177.002437610  3  2 1000.000000 149.518258
178.000005000  1  3 138.659409  1000.000000
178.002437627  3  2 1000.000000 149.504925
179.000005000  1  3 138.689266  1000.000000
179.002437647  3  2 1000.000000 149.488912
180.000005000  1  3 138.719071  1000.000000
180.002437667  3  2 1000.000000 149.472884
181.000005000  1  3 138.743871  1000.000000
181.002437683  3  2 1000.000000 149.459516
182.000005000  1  3 138.773583  1000.000000
182.002437703  3  2 1000.000000 149.443461
183.000005000  1  3 138.798304  1000.000000
183.002437720  3  2 1000.000000 149.430070
184.000005000  1  3 138.827924  1000.000000
184.002437740  3  2 1000.000000 149.413987
185.000005000  1  3 138.852568  1000.000000
185.002437757  3  2 1000.000000 149.400574
186.000005000  1  3 138.882095  1000.000000
186.002437777  3  2 1000.000000 149.384464
187.000005000  1  3 138.906663  1000.000000
187.002437793  3  2 1000.000000 149.371028
188.000005000  1  3 138.936098  1000.000000
188.002437813  3  2 1000.000000 149.354891
189.000005000  1  3 138.965484  1000.000000
189.002437833  3  2 1000.000000 149.338738
190.000005000  1  3 138.989934  1000.000000
190.002437850  3  2 1000.000000 149.325267
191.000005000  1  3 139.019229  1000.000000
191.002437870  3  2 1000.000000 149.309087
192.000005000  1  3 139.043603  1000.000000
192.002437887  3  2 1000.000000 149.295592
193.000005000  1  3 139.072808  1000.000000
193.002437907  3  2 1000.000000 149.279384
194.000005000  1  3 139.097107  1000.000000
194.002437923  3  2 1000.000000 149.265867
195.000005000  1  3 139.126222  1000.000000
195.002437943  3  2 1000.000000 149.249631
196.000005000  1  3 139.150447  1000.000000
196.002437960  3  2 1000.000000 149.236090
197.000005000  1  3 139.179473  1000.000000
197.002437980  3  2 1000.000000 149.219827
198.000005000  1  3 139.208450  1000.000000
198.002438000  3  2 1000.000000 149.203549
199.000005000  1  3 139.232560  1000.000000
199.002438017  3  2 1000.000000 149.189972
200.000005000  1  3 139.261449  1000.000000
200.002438037  3  2 1000.000000 149.173665
201.000005000  1  3 139.285487  1000.000000
201.002438053  3  2 1000.000000 149.160065
202.000005000  1  3 139.314287  1000.000000
202.002438073  3  2 1000.000000 149.143730
203.000005000  1  3 139.338252  1000.000000
203.002438090  3  2 1000.000000 149.130106
204.000005000  1  3 139.366966  1000.000000
204.002438110  3  2 1000.000000 149.113744
205.000005000  1  3 139.390857  1000.000000
205.002438127  3  2 1000.000000 149.100096
206.000005000  1  3 139.419484  1000.000000
206.002438147  3  2 1000.000000 149.083705
207.000005000  1  3 139.448064  1000.000000
207.002438167  3  2 1000.000000 149.067299
208.000005000  1  3 139.471845  1000.000000
208.002438183  3  2 1000.000000 149.053615
209.000005000  1  3 139.500339  1000.000000
209.002438203  3  2 1000.000000 149.037180
210.000005000  1  3 139.524048  1000.000000
210.002438220  3  2 1000.000000 149.023472
211.000005000  1  3 139.552457  1000.000000
211.002438240  3  2 1000.000000 149.007008
212.000005000  1  3 139.576095  1000.000000
212.002438257  3  2 1000.000000 148.993277
213.000005000  1  3 139.604418  1000.000000
213.002438277  3  2 1000.000000 148.976785
214.000005000  1  3 139.627986  1000.000000
214.002438293  3  2 1000.000000 148.963029
215.000005000  1  3 139.656225  1000.000000
215.002438313  3  2 1000.000000 148.946508
216.000005000  1  3 139.684419  1000.000000
216.002438333  3  2 1000.000000 148.929972
217.000005000  1  3 139.707878  1000.000000
217.002438350  3  2 1000.000000 148.916179
218.000005000  1  3 139.735988  1000.000000
218.002438370  3  2 1000.000000 148.899613
219.000005000  1  3 139.759378  1000.000000
219.002438387  3  2 1000.000000 148.885797
220.000005000  1  3 139.787404  1000.000000
220.002438407  3  2 1000.000000 148.869202
221.000005000  1  3 139.810725  1000.000000
221.002438423  3  2 1000.000000 148.855361
222.000005000  1  3 139.838669  1000.000000
222.002438443  3  2 1000.000000 148.838737
223.000005000  1  3 139.861922  1000.000000
223.002438460  3  2 1000.000000 148.824872
224.000005000  1  3 139.889783  1000.000000
224.002438480  3  2 1000.000000 148.808219
225.000005000  1  3 139.917600  1000.000000
225.002438500  3  2 1000.000000 148.791550
226.000005000  1  3 139.940747  1000.000000
226.002438517  3  2 1000.000000 148.777647
227.000005000  1  3 139.968483  1000.000000
227.002438537  3  2 1000.000000 148.760949
228.000005000  1  3 139.991562  1000.000000
228.002438553  3  2 1000.000000 148.747022
229.000005000  1  3 140.019217  1000.000000
229.002438573  3  2 1000.000000 148.730294
230.000005000  1  3 140.042229  1000.000000
230.002438590  3  2 1000.000000 148.716342
231.000005000  1  3 140.069803  1000.000000
231.002438610  3  2 1000.000000 148.699584
232.000005000  1  3 140.092748  1000.000000
232.002438627  3  2 1000.000000 148.685608
233.000005000  1  3 140.120243  1000.000000
233.002438647  3  2 1000.000000 148.668820
234.000005000  1  3 140.147694  1000.000000
234.002438667  3  2 1000.000000 148.652017
235.000005000  1  3 140.170536  1000.000000
235.002438683  3  2 1000.000000 148.638002
236.000005000  1  3 140.197908  1000.000000
236.002438703  3  2 1000.000000 148.621169
237.000005000  1  3 140.220684  1000.000000
237.002438720  3  2 1000.000000 148.607129
238.000005000  1  3 140.247977  1000.000000
238.002438740  3  2 1000.000000 148.590266
239.000005000  1  3 140.270688  1000.000000
239.002438757  3  2 1000.000000 148.576201
240.000005000  1  3 140.297902  1000.000000
240.002438777  3  2 1000.000000 148.559308
241.000005000  1  3 140.320548  1000.000000
241.002438793  3  2 1000.000000 148.545217
242.000005000  1  3 140.347685  1000.000000
242.002438813  3  2 1000.000000 148.528294
243.000005000  1  3 140.374779  1000.000000
243.002438833  3  2 1000.000000 148.511354
244.000005000  1  3 140.397325  1000.000000
244.002438850  3  2 1000.000000 148.497225
245.000005000  1  3 140.424342  1000.000000
245.002438870  3  2 1000.000000 148.480255
246.000005000  1  3 140.446824  1000.000000
246.002438887  3  2 1000.000000 148.466101
247.000005000  1  3 140.473764  1000.000000
247.002438907  3  2 1000.000000 148.449100
248.000005000  1  3 140.496182  1000.000000
248.002438923  3  2 1000.000000 148.434920
249.000005000  1  3 140.523045  1000.000000
249.002438943  3  2 1000.000000 148.417889
250.000005000  1  3 140.545400  1000.000000
250.002438960  3  2 1000.000000 148.403683
251.000005000  1  3 140.572188  1000.000000
251.002438980  3  2 1000.000000 148.386622
252.000005000  1  3 140.598934  1000.000000
252.002439000  3  2 1000.000000 148.369543
253.000005000  1  3 140.621191  1000.000000
253.002439017  3  2 1000.000000 148.355298
254.000005000  1  3 140.647862  1000.000000
254.002439037  3  2 1000.000000 148.338189
255.000005000  1  3 140.670057  1000.000000
255.002439053  3  2 1000.000000 148.323918
256.000005000  1  3 140.696653  1000.000000
256.002439073  3  2 1000.000000 148.306777
257.000005000  1  3 140.718786  1000.000000
257.002439090  3  2 1000.000000 148.292481
258.000005000  1  3 140.745307  1000.000000
258.002439110  3  2 1000.000000 148.275309
259.000005000  1  3 140.767378  1000.000000
259.002439127  3  2 1000.000000 148.260987
260.000005000  1  3 140.793826  1000.000000
260.002439147  3  2 1000.000000 148.243784
261.000005000  1  3 140.820233  1000.000000
261.002439167  3  2 1000.000000 148.226565
262.000005000  1  3 140.842209  1000.000000
262.002439183  3  2 1000.000000 148.212202
263.000005000  1  3 140.868543  1000.000000
263.002439203  3  2 1000.000000 148.194951
264.000005000  1  3 140.890458  1000.000000
264.002439220  3  2 1000.000000 148.180562
265.000005000  1  3 140.916719  1000.000000
265.002439240  3  2 1000.000000 148.163279
266.000005000  1  3 140.938573  1000.000000
266.002439257  3  2 1000.000000 148.148864
267.000005000  1  3 140.964762  1000.000000
267.002439277  3  2 1000.000000 148.131550
268.000005000  1  3 140.986556  1000.000000
268.002439293  3  2 1000.000000 148.117109
269.000005000  1  3 141.012672  1000.000000
269.002439313  3  2 1000.000000 148.099763
270.000005000  1  3 141.038749  1000.000000
270.002439333  3  2 1000.000000 148.082400
271.000005000  1  3 141.060450  1000.000000
271.002439350  3  2 1000.000000 148.067917
272.000005000  1  3 141.086456  1000.000000
272.002439370  3  2 1000.000000 148.050522
273.000005000  1  3 141.108098  1000.000000
273.002439387  3  2 1000.000000 148.036013
274.000005000  1  3 141.134032  1000.000000
274.002439407  3  2 1000.000000 148.018586
275.000005000  1  3 141.155615  1000.000000
275.002439423  3  2 1000.000000 148.004050
276.000005000  1  3 141.181479  1000.000000
276.002439443  3  2 1000.000000 147.986591
277.000005000  1  3 141.203002  1000.000000
277.002439460  3  2 1000.000000 147.972029
278.000005000  1  3 141.228796  1000.000000
278.002439480  3  2 1000.000000 147.954537
279.000005000  1  3 141.254551  1000.000000
279.002439500  3  2 1000.000000 147.937028
280.000005000  1  3 141.275984  1000.000000
280.002439517  3  2 1000.000000 147.922424
281.000005000  1  3 141.301669  1000.000000
281.002439537  3  2 1000.000000 147.904883
282.000005000  1  3 141.323045  1000.000000
282.002439553  3  2 1000.000000 147.890251
283.000005000  1  3 141.348660  1000.000000
283.002439573  3  2 1000.000000 147.872677
284.000005000  1  3 141.369978  1000.000000
284.002439590  3  2 1000.000000 147.858019
285.000005000  1  3 141.395525  1000.000000
285.002439610  3  2 1000.000000 147.840412
286.000005000  1  3 141.416785  1000.000000
286.002439627  3  2 1000.000000 147.825727
287.000005000  1  3 141.442263  1000.000000
287.002439647  3  2 1000.000000 147.808087
288.000005000  1  3 141.467704  1000.000000
288.002439667  3  2 1000.000000 147.790430
289.000005000  1  3 141.488876  1000.000000
289.002439683  3  2 1000.000000 147.775702
290.000005000  1  3 141.514249  1000.000000
290.002439703  3  2 1000.000000 147.758012
291.000005000  1  3 141.535364  1000.000000
291.002439720  3  2 1000.000000 147.743256
292.000005000  1  3 141.560669  1000.000000
292.002439740  3  2 1000.000000 147.725533
293.000005000  1  3 141.581728  1000.000000
293.002439757  3  2 1000.000000 147.710750
294.000005000  1  3 141.606966  1000.000000
294.002439777  3  2 1000.000000 147.692993
295.000005000  1  3 141.627969  1000.000000
295.002439793  3  2 1000.000000 147.678182
296.000005000  1  3 141.653140  1000.000000
296.002439813  3  2 1000.000000 147.660392
297.000005000  1  3 141.678274  1000.000000
297.002439833  3  2 1000.000000 147.642584
298.000005000  1  3 141.699191  1000.000000
298.002439850  3  2 1000.000000 147.627730
299.000005000  1  3 141.724258  1000.000000
299.002439870  3  2 1000.000000 147.609889
300.000005000  1  3 141.745120  1000.000000
300.002439887  3  2 1000.000000 147.595007
301.000005000  1  3 141.770122  1000.000000
301.002439907  3  2 1000.000000 147.577131
302.000005000  1  3 141.790929  1000.000000
302.002439923  3  2 1000.000000 147.562221
303.000005000  1  3 141.815864  1000.000000
303.002439943  3  2 1000.000000 147.544312
304.000005000  1  3 141.836617  1000.000000
304.002439960  3  2 1000.000000 147.529374
305.000005000  1  3 141.861487  1000.000000
305.002439980  3  2 1000.000000 147.511431
306.000005000  1  3 141.886321  1000.000000
306.002440000  3  2 1000.000000 147.493469
307.000005000  1  3 141.906990  1000.000000
307.002440017  3  2 1000.000000 147.478487
308.000005000  1  3 141.931759  1000.000000
308.002440037  3  2 1000.000000 147.460492
309.000005000  1  3 141.952374  1000.000000
309.002440053  3  2 1000.000000 147.445481
310.000005000  1  3 141.977079  1000.000000
310.002440073  3  2 1000.000000 147.427451
311.000005000  1  3 141.997640  1000.000000
311.002440090  3  2 1000.000000 147.412412
312.000005000  1  3 142.022280  1000.000000
312.002440110  3  2 1000.000000 147.394348
313.000005000  1  3 142.042788  1000.000000
313.002440127  3  2 1000.000000 147.379280
314.000005000  1  3 142.067365  1000.000000
314.002440147  3  2 1000.000000 147.361181
315.000005000  1  3 142.091907  1000.000000
315.002440167  3  2 1000.000000 147.343063
316.000005000  1  3 142.112332  1000.000000
316.002440183  3  2 1000.000000 147.327951
317.000005000  1  3 142.136811  1000.000000
317.002440203  3  2 1000.000000 147.309799
318.000005000  1  3 142.157184  1000.000000
318.002440220  3  2 1000.000000 147.294657
319.000005000  1  3 142.181599  1000.000000
319.002440240  3  2 1000.000000 147.276470
320.000005000  1  3 142.201920  1000.000000
320.002440257  3  2 1000.000000 147.261299
321.000005000  1  3 142.226273  1000.000000
321.002440277  3  2 1000.000000 147.243077
322.000005000  1  3 142.246541  1000.000000
322.002440293  3  2 1000.000000 147.227878
323.000005000  1  3 142.270831  1000.000000
323.002440313  3  2 1000.000000 147.209620
324.000005000  1  3 142.295088  1000.000000
324.002440333  3  2 1000.000000 147.191344
325.000005000  1  3 142.315276  1000.000000
325.002440350  3  2 1000.000000 147.176099
326.000005000  1  3 142.339471  1000.000000
326.002440370  3  2 1000.000000 147.157787
327.000005000  1  3 142.359607  1000.000000
327.002440387  3  2 1000.000000 147.142512
328.000005000  1  3 142.383740  1000.000000
328.002440407  3  2 1000.000000 147.124165
329.000005000  1  3 142.403825  1000.000000
329.002440423  3  2 1000.000000 147.108861
330.000005000  1  3 142.427897  1000.000000
330.002440443  3  2 1000.000000 147.090478
331.000005000  1  3 142.447932  1000.000000
331.002440460  3  2 1000.000000 147.075144
332.000005000  1  3 142.471942  1000.000000
332.002440480  3  2 1000.000000 147.056726
333.000005000  1  3 142.495920  1000.000000
333.002440500  3  2 1000.000000 147.038288
334.000005000  1  3 142.515876  1000.000000
334.002440517  3  2 1000.000000 147.022907
335.000005000  1  3 142.539793  1000.000000
335.002440537  3  2 1000.000000 147.004433
336.000005000  1  3 142.559699  1000.000000
336.002440553  3  2 1000.000000 146.989023
337.000005000  1  3 142.583556  1000.000000
337.002440573  3  2 1000.000000 146.970513
338.000005000  1  3 142.603412  1000.000000
338.002440590  3  2 1000.000000 146.955073
339.000005000  1  3 142.627208  1000.000000
339.002440610  3  2 1000.000000 146.936527
340.000005000  1  3 142.647014  1000.000000
340.002440627  3  2 1000.000000 146.921056
341.000005000  1  3 142.670752  1000.000000
341.002440647  3  2 1000.000000 146.902473
342.000005000  1  3 142.694457  1000.000000
342.002440667  3  2 1000.000000 146.883871
343.000005000  1  3 142.714186  1000.000000
343.002440683  3  2 1000.000000 146.868353
344.000005000  1  3 142.737832  1000.000000
344.002440703  3  2 1000.000000 146.849714
345.000005000  1  3 142.757512  1000.000000
345.002440720  3  2 1000.000000 146.834166
346.000005000  1  3 142.781099  1000.000000
346.002440740  3  2 1000.000000 146.815490
347.000005000  1  3 142.800731  1000.000000
347.002440757  3  2 1000.000000 146.799911
348.000005000  1  3 142.824259  1000.000000
348.002440777  3  2 1000.000000 146.781198
349.000005000  1  3 142.843842  1000.000000
349.002440793  3  2 1000.000000 146.765589
350.000005000  1  3 142.867312  1000.000000
350.002440813  3  2 1000.000000 146.746839
351.000005000  1  3 142.890750  1000.000000
351.002440833  3  2 1000.000000 146.728069
352.000005000  1  3 142.910258  1000.000000
352.002440850  3  2 1000.000000 146.712412
353.000005000  1  3 142.933639  1000.000000
353.002440870  3  2 1000.000000 146.693604
354.000005000  1  3 142.953098  1000.000000
354.002440887  3  2 1000.000000 146.677916
355.000005000  1  3 142.976421  1000.000000
355.002440907  3  2 1000.000000 146.659071
356.000005000  1  3 142.995833  1000.000000
356.002440923  3  2 1000.000000 146.643351
357.000005000  1  3 143.019099  1000.000000
357.002440943  3  2 1000.000000 146.624469
358.000005000  1  3 143.038464  1000.000000
358.002440960  3  2 1000.000000 146.608718
359.000005000  1  3 143.061672  1000.000000
359.002440980  3  2 1000.000000 146.589798
360.000005000  1  3 143.084850  1000.000000
360.002441000  3  2 1000.000000 146.570857
361.000005000  1  3 143.104141  1000.000000
361.002441017  3  2 1000.000000 146.555058
362.000005000  1  3 143.127263  1000.000000
362.002441037  3  2 1000.000000 146.536079
363.000005000  1  3 143.146507  1000.000000
363.002441053  3  2 1000.000000 146.520247
364.000005000  1  3 143.169572  1000.000000
364.002441073  3  2 1000.000000 146.501231
365.000005000  1  3 143.188769  1000.000000
365.002441090  3  2 1000.000000 146.485368
366.000005000  1  3 143.211778  1000.000000
366.002441110  3  2 1000.000000 146.466313
367.000005000  1  3 143.230929  1000.000000
367.002441127  3  2 1000.000000 146.450417
368.000005000  1  3 143.253883  1000.000000
368.002441147  3  2 1000.000000 146.431324
369.000005000  1  3 143.276806  1000.000000
369.002441167  3  2 1000.000000 146.412210
370.000005000  1  3 143.295885  1000.000000
370.002441183  3  2 1000.000000 146.396265
371.000005000  1  3 143.318753  1000.000000
371.002441203  3  2 1000.000000 146.377112
372.000005000  1  3 143.337786  1000.000000
372.002441220  3  2 1000.000000 146.361135
373.000005000  1  3 143.360599  1000.000000
373.002441240  3  2 1000.000000 146.341943
374.000005000  1  3 143.379586  1000.000000
374.002441257  3  2 1000.000000 146.325934
375.000005000  1  3 143.402344  1000.000000
375.002441277  3  2 1000.000000 146.306703
376.000005000  1  3 143.421286  1000.000000
376.002441293  3  2 1000.000000 146.290661
377.000005000  1  3 143.443989  1000.000000
377.002441313  3  2 1000.000000 146.271391
378.000005000  1  3 143.466663  1000.000000
378.002441333  3  2 1000.000000 146.252100
379.000005000  1  3 143.485535  1000.000000
379.002441350  3  2 1000.000000 146.236008
380.000005000  1  3 143.508155  1000.000000
380.002441370  3  2 1000.000000 146.216677
381.000005000  1  3 143.526982  1000.000000
381.002441387  3  2 1000.000000 146.200552
382.000005000  1  3 143.549547  1000.000000
382.002441407  3  2 1000.000000 146.181182
383.000005000  1  3 143.568330  1000.000000
383.002441423  3  2 1000.000000 146.165023
384.000005000  1  3 143.590842  1000.000000
384.002441443  3  2 1000.000000 146.145613
385.000005000  1  3 143.609579  1000.000000
385.002441460  3  2 1000.000000 146.129422
386.000005000  1  3 143.632038  1000.000000
386.002441480  3  2 1000.000000 146.109972
387.000005000  1  3 143.654468  1000.000000
387.002441500  3  2 1000.000000 146.090501
388.000005000  1  3 143.673137  1000.000000
388.002441517  3  2 1000.000000 146.074258
389.000005000  1  3 143.695514  1000.000000
389.002441537  3  2 1000.000000 146.054746
390.000005000  1  3 143.714139  1000.000000
390.002441553  3  2 1000.000000 146.038470
391.000005000  1  3 143.736463  1000.000000
391.002441573  3  2 1000.000000 146.018918
392.000005000  1  3 143.755044  1000.000000
392.002441590  3  2 1000.000000 146.002608
393.000005000  1  3 143.777316  1000.000000
393.002441610  3  2 1000.000000 145.983016
394.000005000  1  3 143.795854  1000.000000
394.002441627  3  2 1000.000000 145.966672
395.000005000  1  3 143.818073  1000.000000
395.002441647  3  2 1000.000000 145.947039
396.000005000  1  3 143.840264  1000.000000
396.002441667  3  2 1000.000000 145.927384
397.000005000  1  3 143.858735  1000.000000
397.002441683  3  2 1000.000000 145.910988
398.000005000  1  3 143.880874  1000.000000
398.002441703  3  2 1000.000000 145.891292
399.000005000  1  3 143.899301  1000.000000
399.002441720  3  2 1000.000000 145.874862
400.000005000  1  3 143.921389  1000.000000
400.002441740  3  2 1000.000000 145.855125
401.000005000  1  3 143.939774  1000.000000
401.002441757  3  2 1000.000000 145.838660
402.000005000  1  3 143.961810  1000.000000
402.002441777  3  2 1000.000000 145.818882
403.000005000  1  3 143.980152  1000.000000
403.002441793  3  2 1000.000000 145.802383
404.000005000  1  3 144.002137  1000.000000
404.002441813  3  2 1000.000000 145.782564
405.000005000  1  3 144.024094  1000.000000
405.002441833  3  2 1000.000000 145.762722
406.000005000  1  3 144.042370  1000.000000
406.002441850  3  2 1000.000000 145.746169
407.000005000  1  3 144.064277  1000.000000
407.002441870  3  2 1000.000000 145.726286
408.000005000  1  3 144.082511  1000.000000
408.002441887  3  2 1000.000000 145.709698
409.000005000  1  3 144.104367  1000.000000
409.002441907  3  2 1000.000000 145.689773
410.000005000  1  3 144.122559  1000.000000
410.002441923  3  2 1000.000000 145.673151
411.000005000  1  3 144.144365  1000.000000
411.002441943  3  2 1000.000000 145.653183
412.000005000  1  3 144.162515  1000.000000
412.002441960  3  2 1000.000000 145.636526
413.000005000  1  3 144.184271  1000.000000
413.002441980  3  2 1000.000000 145.616516
414.000005000  1  3 144.205999  1000.000000
414.002442000  3  2 1000.000000 145.596483
415.000005000  1  3 144.224085  1000.000000
415.002442017  3  2 1000.000000 145.579772
416.000005000  1  3 144.245764  1000.000000
416.002442037  3  2 1000.000000 145.559696
417.000005000  1  3 144.263809  1000.000000
417.002442053  3  2 1000.000000 145.542949
418.000005000  1  3 144.285438  1000.000000
418.002442073  3  2 1000.000000 145.522831
419.000005000  1  3 144.303442  1000.000000
419.002442090  3  2 1000.000000 145.506049
420.000005000  1  3 144.325021  1000.000000
420.002442110  3  2 1000.000000 145.485888
421.000005000  1  3 144.342984  1000.000000
421.002442127  3  2 1000.000000 145.469070
422.000005000  1  3 144.364515  1000.000000
422.002442147  3  2 1000.000000 145.448866
423.000005000  1  3 144.386019  1000.000000
423.002442167  3  2 1000.000000 145.428639
424.000005000  1  3 144.403919  1000.000000
424.002442183  3  2 1000.000000 145.411765
425.000005000  1  3 144.425374  1000.000000
425.002442203  3  2 1000.000000 145.391494
426.000005000  1  3 144.443234  1000.000000
426.002442220  3  2 1000.000000 145.374584
427.000005000  1  3 144.464641  1000.000000
427.002442240  3  2 1000.000000 145.354270
428.000005000  1  3 144.482460  1000.000000
428.002442257  3  2 1000.000000 145.337324
429.000005000  1  3 144.503819  1000.000000
429.002442277  3  2 1000.000000 145.316966
430.000005000  1  3 144.521598  1000.000000
430.002442293  3  2 1000.000000 145.299983
431.000005000  1  3 144.542908  1000.000000
431.002442313  3  2 1000.000000 145.279582
432.000005000  1  3 144.564193  1000.000000
432.002442333  3  2 1000.000000 145.259157
433.000005000  1  3 144.581910  1000.000000
433.002442350  3  2 1000.000000 145.242117
434.000005000  1  3 144.603147  1000.000000
434.002442370  3  2 1000.000000 145.221648
435.000005000  1  3 144.620825  1000.000000
435.002442387  3  2 1000.000000 145.204571
436.000005000  1  3 144.642014  1000.000000
436.002442407  3  2 1000.000000 145.184057
437.000005000  1  3 144.659652  1000.000000
437.002442423  3  2 1000.000000 145.166944
438.000005000  1  3 144.680794  1000.000000
438.002442443  3  2 1000.000000 145.146386
439.000005000  1  3 144.698393  1000.000000
439.002442460  3  2 1000.000000 145.129235
440.000005000  1  3 144.719488  1000.000000
440.002442480  3  2 1000.000000 145.108632
441.000005000  1  3 144.740558  1000.000000
441.002442500  3  2 1000.000000 145.088005
442.000005000  1  3 144.758096  1000.000000
442.002442517  3  2 1000.000000 145.070796
443.000005000  1  3 144.779119  1000.000000
443.002442537  3  2 1000.000000 145.050124
444.000005000  1  3 144.796618  1000.000000
444.002442553  3  2 1000.000000 145.032878
445.000005000  1  3 144.817594  1000.000000
445.002442573  3  2 1000.000000 145.012160
446.000005000  1  3 144.835055  1000.000000
446.002442590  3  2 1000.000000 144.994877
447.000005000  1  3 144.855985  1000.000000
447.002442610  3  2 1000.000000 144.974114
448.000005000  1  3 144.873407  1000.000000
448.002442627  3  2 1000.000000 144.956792
449.000005000  1  3 144.894291  1000.000000
449.002442647  3  2 1000.000000 144.935983
450.000005000  1  3 144.915150  1000.000000
450.002442667  3  2 1000.000000 144.915150
451.000005000  1  3 144.932513  1000.000000
451.002442683  3  2 1000.000000 144.897769
452.000005000  1  3 144.953326  1000.000000
452.002442703  3  2 1000.000000 144.876890
453.000005000  1  3 144.970651  1000.000000
453.002442720  3  2 1000.000000 144.859471
454.000005000  1  3 144.991418  1000.000000
454.002442740  3  2 1000.000000 144.838545
455.000005000  1  3 145.008705  1000.000000
455.002442757  3  2 1000.000000 144.821088
456.000005000  1  3 145.029427  1000.000000
456.002442777  3  2 1000.000000 144.800116
457.000005000  1  3 145.046676  1000.000000
457.002442793  3  2 1000.000000 144.782620
458.000005000  1  3 145.067353  1000.000000
458.002442813  3  2 1000.000000 144.761602
459.000005000  1  3 145.088005  1000.000000
459.002442833  3  2 1000.000000 144.740558
460.000005000  1  3 145.105196  1000.000000
460.002442850  3  2 1000.000000 144.723001
461.000005000  1  3 145.125803  1000.000000
461.002442870  3  2 1000.000000 144.701911
462.000005000  1  3 145.142957  1000.000000
462.002442887  3  2 1000.000000 144.684315
463.000005000  1  3 145.163519  1000.000000
463.002442907  3  2 1000.000000 144.663178
464.000005000  1  3 145.180636  1000.000000
464.002442923  3  2 1000.000000 144.645543
465.000005000  1  3 145.201154  1000.000000
465.002442943  3  2 1000.000000 144.624358
466.000005000  1  3 145.218234  1000.000000
466.002442960  3  2 1000.000000 144.606684
467.000005000  1  3 145.238707  1000.000000
467.002442980  3  2 1000.000000 144.585451
468.000005000  1  3 145.259157  1000.000000
468.002443000  3  2 1000.000000 144.564193
469.000005000  1  3 145.276179  1000.000000
469.002443017  3  2 1000.000000 144.546457
470.000005000  1  3 145.296585  1000.000000
470.002443037  3  2 1000.000000 144.525151
471.000005000  1  3 145.313571  1000.000000
471.002443053  3  2 1000.000000 144.507376
472.000005000  1  3 145.333933  1000.000000
472.002443073  3  2 1000.000000 144.486021
473.000005000  1  3 145.350882  1000.000000
473.002443090  3  2 1000.000000 144.468206
474.000005000  1  3 145.371200  1000.000000
474.002443110  3  2 1000.000000 144.446803
475.000005000  1  3 145.388114  1000.000000
475.002443127  3  2 1000.000000 144.428948
476.000005000  1  3 145.408388  1000.000000
476.002443147  3  2 1000.000000 144.407497
477.000005000  1  3 145.428639  1000.000000
477.002443167  3  2 1000.000000 144.386019
478.000005000  1  3 145.445496  1000.000000
478.002443183  3  2 1000.000000 144.368101
479.000005000  1  3 145.465704  1000.000000
479.002443203  3  2 1000.000000 144.346575
480.000005000  1  3 145.482526  1000.000000
480.002443220  3  2 1000.000000 144.328615
481.000005000  1  3 145.502690  1000.000000
481.002443240  3  2 1000.000000 144.307040
482.000005000  1  3 145.519476  1000.000000
482.002443257  3  2 1000.000000 144.289040
483.000005000  1  3 145.539598  1000.000000
483.002443277  3  2 1000.000000 144.267415
484.000005000  1  3 145.556348  1000.000000
484.002443293  3  2 1000.000000 144.249374
485.000005000  1  3 145.576427  1000.000000
485.002443313  3  2 1000.000000 144.227700
486.000005000  1  3 145.596483  1000.000000
486.002443333  3  2 1000.000000 144.205999
487.000005000  1  3 145.613179  1000.000000
487.002443350  3  2 1000.000000 144.187894
488.000005000  1  3 145.633193  1000.000000
488.002443370  3  2 1000.000000 144.166143
489.000005000  1  3 145.649853  1000.000000
489.002443387  3  2 1000.000000 144.147996
490.000005000  1  3 145.669824  1000.000000
490.002443407  3  2 1000.000000 144.126195
491.000005000  1  3 145.686450  1000.000000
491.002443423  3  2 1000.000000 144.108007
492.000005000  1  3 145.706379  1000.000000
492.002443443  3  2 1000.000000 144.086156
493.000005000  1  3 145.722969  1000.000000
493.002443460  3  2 1000.000000 144.067925
494.000005000  1  3 145.742857  1000.000000
494.002443480  3  2 1000.000000 144.046023
495.000005000  1  3 145.762722  1000.000000
495.002443500  3  2 1000.000000 144.024094
496.000005000  1  3 145.779258  1000.000000
496.002443517  3  2 1000.000000 144.005798
497.000005000  1  3 145.799082  1000.000000
497.002443537  3  2 1000.000000 143.983818
498.000005000  1  3 145.815584  1000.000000
498.002443553  3  2 1000.000000 143.965480
499.000005000  1  3 145.835366  1000.000000
499.002443573  3  2 1000.000000 143.943448
500.000005000  1  3 145.851833  1000.000000
500.002443590  3  2 1000.000000 143.925067
501.000005000  1  3 145.871574  1000.000000
501.002443610  3  2 1000.000000 143.902985
502.000005000  1  3 145.888007  1000.000000
502.002443627  3  2 1000.000000 143.884561
503.000005000  1  3 145.907707  1000.000000
503.002443647  3  2 1000.000000 143.862427
504.000005000  1  3 145.927384  1000.000000
504.002443667  3  2 1000.000000 143.840264
505.000005000  1  3 145.943765  1000.000000
505.002443683  3  2 1000.000000 143.821774
506.000005000  1  3 145.963402  1000.000000
506.002443703  3  2 1000.000000 143.799559
507.000005000  1  3 145.979749  1000.000000
507.002443720  3  2 1000.000000 143.781025
508.000005000  1  3 145.999344  1000.000000
508.002443740  3  2 1000.000000 143.758758
509.000005000  1  3 146.015658  1000.000000
509.002443757  3  2 1000.000000 143.740181
510.000005000  1  3 146.035213  1000.000000
510.002443777  3  2 1000.000000 143.717862
511.000005000  1  3 146.051492  1000.000000
511.002443793  3  2 1000.000000 143.699240
512.000005000  1  3 146.071008  1000.000000
512.002443813  3  2 1000.000000 143.676869
513.000005000  1  3 146.090501  1000.000000
513.002443833  3  2 1000.000000 143.654468
514.000005000  1  3 146.106729  1000.000000
514.002443850  3  2 1000.000000 143.635778
515.000005000  1  3 146.126182  1000.000000
515.002443870  3  2 1000.000000 143.613325
516.000005000  1  3 146.142376  1000.000000
516.002443887  3  2 1000.000000 143.594591
517.000005000  1  3 146.161790  1000.000000
517.002443907  3  2 1000.000000 143.572084
518.000005000  1  3 146.177951  1000.000000
518.002443923  3  2 1000.000000 143.553305
519.000005000  1  3 146.197325  1000.000000
519.002443943  3  2 1000.000000 143.530745
520.000005000  1  3 146.213453  1000.000000
520.002443960  3  2 1000.000000 143.511922
521.000005000  1  3 146.232787  1000.000000
521.002443980  3  2 1000.000000 143.489307
522.000005000  1  3 146.252100  1000.000000
522.002444000  3  2 1000.000000 143.466663
523.000005000  1  3 146.268178  1000.000000
523.002444017  3  2 1000.000000 143.447770
524.000005000  1  3 146.287451  1000.000000
524.002444037  3  2 1000.000000 143.425072
525.000005000  1  3 146.303496  1000.000000
525.002444053  3  2 1000.000000 143.406134
526.000005000  1  3 146.322730  1000.000000
526.002444073  3  2 1000.000000 143.383381
527.000005000  1  3 146.338743  1000.000000
527.002444090  3  2 1000.000000 143.364398
528.000005000  1  3 146.357938  1000.000000
528.002444110  3  2 1000.000000 143.341590
529.000005000  1  3 146.373918  1000.000000
529.002444127  3  2 1000.000000 143.322561
530.000005000  1  3 146.393074  1000.000000
530.002444147  3  2 1000.000000 143.299698
531.000005000  1  3 146.412210  1000.000000
531.002444167  3  2 1000.000000 143.276806
532.000005000  1  3 146.428140  1000.000000
532.002444183  3  2 1000.000000 143.257705
533.000005000  1  3 146.447237  1000.000000
533.002444203  3  2 1000.000000 143.234757
534.000005000  1  3 146.463135  1000.000000
534.002444220  3  2 1000.000000 143.215610
535.000005000  1  3 146.482193  1000.000000
535.002444240  3  2 1000.000000 143.192606
536.000005000  1  3 146.498059  1000.000000
536.002444257  3  2 1000.000000 143.173413
537.000005000  1  3 146.517079  1000.000000
537.002444277  3  2 1000.000000 143.150353
538.000005000  1  3 146.532914  1000.000000
538.002444293  3  2 1000.000000 143.131113
539.000005000  1  3 146.551896  1000.000000
539.002444313  3  2 1000.000000 143.107997
540.000005000  1  3 146.570857  1000.000000
540.002444333  3  2 1000.000000 143.084850
541.000005000  1  3 146.586643  1000.000000
541.002444350  3  2 1000.000000 143.065537
542.000005000  1  3 146.605566  1000.000000
542.002444370  3  2 1000.000000 143.042334
543.000005000  1  3 146.621320  1000.000000
543.002444387  3  2 1000.000000 143.022974
544.000005000  1  3 146.640206  1000.000000
544.002444407  3  2 1000.000000 142.999713
545.000005000  1  3 146.655928  1000.000000
545.002444423  3  2 1000.000000 142.980306
546.000005000  1  3 146.674776  1000.000000
546.002444443  3  2 1000.000000 142.956988
547.000005000  1  3 146.690468  1000.000000
547.002444460  3  2 1000.000000 142.937532
548.000005000  1  3 146.709279  1000.000000
548.002444480  3  2 1000.000000 142.914157
549.000005000  1  3 146.728069  1000.000000
549.002444500  3  2 1000.000000 142.890750
550.000005000  1  3 146.743712  1000.000000
550.002444517  3  2 1000.000000 142.871220
551.000005000  1  3 146.762465  1000.000000
551.002444537  3  2 1000.000000 142.847755
552.000005000  1  3 146.778078  1000.000000
552.002444553  3  2 1000.000000 142.828177
553.000005000  1  3 146.796794  1000.000000
553.002444573  3  2 1000.000000 142.804654
554.000005000  1  3 146.812375  1000.000000
554.002444590  3  2 1000.000000 142.785027
555.000005000  1  3 146.831055  1000.000000
555.002444610  3  2 1000.000000 142.761446
556.000005000  1  3 146.846606  1000.000000
556.002444627  3  2 1000.000000 142.741770
557.000005000  1  3 146.865248  1000.000000
557.002444647  3  2 1000.000000 142.718129
558.000005000  1  3 146.883871  1000.000000
558.002444667  3  2 1000.000000 142.694457
559.000005000  1  3 146.899374  1000.000000
559.002444683  3  2 1000.000000 142.674705
560.000005000  1  3 146.917960  1000.000000
560.002444703  3  2 1000.000000 142.650973
561.000005000  1  3 146.933434  1000.000000
561.002444720  3  2 1000.000000 142.631171
562.000005000  1  3 146.951983  1000.000000
562.002444740  3  2 1000.000000 142.607380
563.000005000  1  3 146.967426  1000.000000
563.002444757  3  2 1000.000000 142.587529
564.000005000  1  3 146.985940  1000.000000
564.002444777  3  2 1000.000000 142.563677
565.000005000  1  3 147.001352  1000.000000
565.002444793  3  2 1000.000000 142.543776
566.000005000  1  3 147.019830  1000.000000
566.002444813  3  2 1000.000000 142.519864
567.000005000  1  3 147.038288  1000.000000
567.002444833  3  2 1000.000000 142.495920
568.000005000  1  3 147.053654  1000.000000
568.002444850  3  2 1000.000000 142.475941
569.000005000  1  3 147.072076  1000.000000
569.002444870  3  2 1000.000000 142.451936
570.000005000  1  3 147.087412  1000.000000
570.002444887  3  2 1000.000000 142.431906
571.000005000  1  3 147.105799  1000.000000
571.002444907  3  2 1000.000000 142.407840
572.000005000  1  3 147.121105  1000.000000
572.002444923  3  2 1000.000000 142.387759
573.000005000  1  3 147.139456  1000.000000
573.002444943  3  2 1000.000000 142.363632
574.000005000  1  3 147.154733  1000.000000
574.002444960  3  2 1000.000000 142.343500
575.000005000  1  3 147.173048  1000.000000
575.002444980  3  2 1000.000000 142.319311
576.000005000  1  3 147.191344  1000.000000
576.002445000  3  2 1000.000000 142.295088
577.000005000  1  3 147.206576  1000.000000
577.002445017  3  2 1000.000000 142.274876
578.000005000  1  3 147.224836  1000.000000
578.002445037  3  2 1000.000000 142.250591
579.000005000  1  3 147.240038  1000.000000
579.002445053  3  2 1000.000000 142.230328
580.000005000  1  3 147.258264  1000.000000
580.002445073  3  2 1000.000000 142.205981
581.000005000  1  3 147.273437  1000.000000
581.002445090  3  2 1000.000000 142.185665
582.000005000  1  3 147.291627  1000.000000
582.002445110  3  2 1000.000000 142.161255
583.000005000  1  3 147.306771  1000.000000
583.002445127  3  2 1000.000000 142.140887
584.000005000  1  3 147.324927  1000.000000
584.002445147  3  2 1000.000000 142.116414
585.000005000  1  3 147.343063  1000.000000
585.002445167  3  2 1000.000000 142.091907
586.000005000  1  3 147.358163  1000.000000
586.002445183  3  2 1000.000000 142.071457
587.000005000  1  3 147.376265  1000.000000
587.002445203  3  2 1000.000000 142.046886
588.000005000  1  3 147.391335  1000.000000
588.002445220  3  2 1000.000000 142.026384
589.000005000  1  3 147.409403  1000.000000
589.002445240  3  2 1000.000000 142.001749
590.000005000  1  3 147.424444  1000.000000
590.002445257  3  2 1000.000000 141.981193
591.000005000  1  3 147.442477  1000.000000
591.002445277  3  2 1000.000000 141.956494
592.000005000  1  3 147.457491  1000.000000
592.002445293  3  2 1000.000000 141.935884
593.000005000  1  3 147.475489  1000.000000
593.002445313  3  2 1000.000000 141.911120
594.000005000  1  3 147.493469  1000.000000
594.002445333  3  2 1000.000000 141.886321
595.000005000  1  3 147.508439  1000.000000
595.002445350  3  2 1000.000000 141.865628
596.000005000  1  3 147.526385  1000.000000
596.002445370  3  2 1000.000000 141.840764
597.000005000  1  3 147.541326  1000.000000
597.002445387  3  2 1000.000000 141.820017
598.000005000  1  3 147.559238  1000.000000
598.002445407  3  2 1000.000000 141.795087
599.000005000  1  3 147.574150  1000.000000
599.002445423  3  2 1000.000000 141.774285
600.000005000  1  3 147.592029  1000.000000
600.002445443  3  2 1000.000000 141.749290
601.000005000  1  3 147.606913  1000.000000
601.002445460  3  2 1000.000000 141.728433
602.000005000  1  3 147.624758  1000.000000
602.002445480  3  2 1000.000000 141.703371
603.000005000  1  3 147.642584  1000.000000
603.002445500  3  2 1000.000000 141.678274
604.000005000  1  3 147.657426  1000.000000
604.002445517  3  2 1000.000000 141.657331
605.000005000  1  3 147.675218  1000.000000
605.002445537  3  2 1000.000000 141.632167
606.000005000  1  3 147.690032  1000.000000
606.002445553  3  2 1000.000000 141.611169
607.000005000  1  3 147.707792  1000.000000
607.002445573  3  2 1000.000000 141.585937
608.000005000  1  3 147.722577  1000.000000
608.002445590  3  2 1000.000000 141.564883
609.000005000  1  3 147.740304  1000.000000
609.002445610  3  2 1000.000000 141.539584
610.000005000  1  3 147.755062  1000.000000
610.002445627  3  2 1000.000000 141.518474
611.000005000  1  3 147.772755  1000.000000
611.002445647  3  2 1000.000000 141.493107
612.000005000  1  3 147.790430  1000.000000
612.002445667  3  2 1000.000000 141.467704
613.000005000  1  3 147.805146  1000.000000
613.002445683  3  2 1000.000000 141.446506
614.000005000  1  3 147.822788  1000.000000
614.002445703  3  2 1000.000000 141.421034
615.000005000  1  3 147.837476  1000.000000
615.002445720  3  2 1000.000000 141.399779
616.000005000  1  3 147.855086  1000.000000
616.002445740  3  2 1000.000000 141.374238
617.000005000  1  3 147.869747  1000.000000
617.002445757  3  2 1000.000000 141.352926
618.000005000  1  3 147.887324  1000.000000
618.002445777  3  2 1000.000000 141.327317
619.000005000  1  3 147.901957  1000.000000
619.002445793  3  2 1000.000000 141.305946
620.000005000  1  3 147.919502  1000.000000
620.002445813  3  2 1000.000000 141.280267
621.000005000  1  3 147.937028  1000.000000
621.002445833  3  2 1000.000000 141.254551
622.000005000  1  3 147.951620  1000.000000
622.002445850  3  2 1000.000000 141.233091
623.000005000  1  3 147.969115  1000.000000
623.002445870  3  2 1000.000000 141.207304
624.000005000  1  3 147.983680  1000.000000
624.002445887  3  2 1000.000000 141.185785
625.000005000  1  3 148.001142  1000.000000
625.002445907  3  2 1000.000000 141.159928
626.000005000  1  3 148.015680  1000.000000
626.002445923  3  2 1000.000000 141.138351
627.000005000  1  3 148.033110  1000.000000
627.002445943  3  2 1000.000000 141.112423
628.000005000  1  3 148.047621  1000.000000
628.002445960  3  2 1000.000000 141.090787
629.000005000  1  3 148.065019  1000.000000
629.002445980  3  2 1000.000000 141.064787
630.000005000  1  3 148.082400  1000.000000
630.002446000  3  2 1000.000000 141.038749
631.000005000  1  3 148.096870  1000.000000
631.002446017  3  2 1000.000000 141.017021
632.000005000  1  3 148.114219  1000.000000
632.002446037  3  2 1000.000000 140.990911
633.000005000  1  3 148.128663  1000.000000
633.002446053  3  2 1000.000000 140.969123
634.000005000  1  3 148.145980  1000.000000
634.002446073  3  2 1000.000000 140.942941
635.000005000  1  3 148.160397  1000.000000
635.002446090  3  2 1000.000000 140.921092
636.000005000  1  3 148.177683  1000.000000
636.002446110  3  2 1000.000000 140.894838
637.000005000  1  3 148.192074  1000.000000
637.002446127  3  2 1000.000000 140.872928
638.000005000  1  3 148.209328  1000.000000
638.002446147  3  2 1000.000000 140.846601
639.000005000  1  3 148.226565  1000.000000
639.002446167  3  2 1000.000000 140.820233
640.000005000  1  3 148.240916  1000.000000
640.002446183  3  2 1000.000000 140.798230
641.000005000  1  3 148.258121  1000.000000
641.002446203  3  2 1000.000000 140.771789
642.000005000  1  3 148.272446  1000.000000
642.002446220  3  2 1000.000000 140.749724
643.000005000  1  3 148.289620  1000.000000
643.002446240  3  2 1000.000000 140.723209
644.000005000  1  3 148.303919  1000.000000
644.002446257  3  2 1000.000000 140.701082
645.000005000  1  3 148.321062  1000.000000
645.002446277  3  2 1000.000000 140.674492
646.000005000  1  3 148.335335  1000.000000
646.002446293  3  2 1000.000000 140.652303
647.000005000  1  3 148.352448  1000.000000
647.002446313  3  2 1000.000000 140.625639
648.000005000  1  3 148.369543  1000.000000
648.002446333  3  2 1000.000000 140.598934
649.000005000  1  3 148.383776  1000.000000
649.002446350  3  2 1000.000000 140.576648
650.000005000  1  3 148.400841  1000.000000
650.002446370  3  2 1000.000000 140.549867
651.000005000  1  3 148.415049  1000.000000
651.002446387  3  2 1000.000000 140.527518
652.000005000  1  3 148.432083  1000.000000
652.002446407  3  2 1000.000000 140.500662
653.000005000  1  3 148.446265  1000.000000
653.002446423  3  2 1000.000000 140.478250
654.000005000  1  3 148.463268  1000.000000
654.002446443  3  2 1000.000000 140.451317
655.000005000  1  3 148.477425  1000.000000
655.002446460  3  2 1000.000000 140.428840
656.000005000  1  3 148.494398  1000.000000
656.002446480  3  2 1000.000000 140.401831
657.000005000  1  3 148.511354  1000.000000
657.002446500  3  2 1000.000000 140.374779
658.000005000  1  3 148.525472  1000.000000
658.002446517  3  2 1000.000000 140.352203
659.000005000  1  3 148.542398  1000.000000
659.002446537  3  2 1000.000000 140.325074
660.000005000  1  3 148.556490  1000.000000
660.002446553  3  2 1000.000000 140.302434
661.000005000  1  3 148.573386  1000.000000
661.002446573  3  2 1000.000000 140.275227
662.000005000  1  3 148.587454  1000.000000
662.002446590  3  2 1000.000000 140.252522
663.000005000  1  3 148.604319  1000.000000
663.002446610  3  2 1000.000000 140.225236
664.000005000  1  3 148.618362  1000.000000
664.002446627  3  2 1000.000000 140.202465
665.000005000  1  3 148.635198  1000.000000
665.002446647  3  2 1000.000000 140.175101
666.000005000  1  3 148.652017  1000.000000
666.002446667  3  2 1000.000000 140.147694
667.000005000  1  3 148.666021  1000.000000
667.002446683  3  2 1000.000000 140.124821
668.000005000  1  3 148.682811  1000.000000
668.002446703  3  2 1000.000000 140.097334
669.000005000  1  3 148.696790  1000.000000
669.002446720  3  2 1000.000000 140.074395
670.000005000  1  3 148.713550  1000.000000
670.002446740  3  2 1000.000000 140.046828
671.000005000  1  3 148.727504  1000.000000
671.002446757  3  2 1000.000000 140.023822
672.000005000  1  3 148.744235  1000.000000
672.002446777  3  2 1000.000000 139.996174
673.000005000  1  3 148.758164  1000.000000
673.002446793  3  2 1000.000000 139.973101
674.000005000  1  3 148.774865  1000.000000
674.002446813  3  2 1000.000000 139.945373
675.000005000  1  3 148.791550  1000.000000
675.002446833  3  2 1000.000000 139.917600
676.000005000  1  3 148.805442  1000.000000
676.002446850  3  2 1000.000000 139.894423
677.000005000  1  3 148.822098  1000.000000
677.002446870  3  2 1000.000000 139.866568
678.000005000  1  3 148.835965  1000.000000
678.002446887  3  2 1000.000000 139.843322
679.000005000  1  3 148.852592  1000.000000
679.002446907  3  2 1000.000000 139.815386
680.000005000  1  3 148.866435  1000.000000
680.002446923  3  2 1000.000000 139.792071
681.000005000  1  3 148.883032  1000.000000
681.002446943  3  2 1000.000000 139.764052
682.000005000  1  3 148.896851  1000.000000
682.002446960  3  2 1000.000000 139.740668
683.000005000  1  3 148.913419  1000.000000
683.002446980  3  2 1000.000000 139.712566
684.000005000  1  3 148.929972  1000.000000
684.002447000  3  2 1000.000000 139.684419
685.000005000  1  3 148.943753  1000.000000
685.002447017  3  2 1000.000000 139.660927
686.000005000  1  3 148.960277  1000.000000
686.002447037  3  2 1000.000000 139.632696
687.000005000  1  3 148.974034  1000.000000
687.002447053  3  2 1000.000000 139.609134
688.000005000  1  3 148.990529  1000.000000
688.002447073  3  2 1000.000000 139.580819
689.000005000  1  3 149.004263  1000.000000
689.002447090  3  2 1000.000000 139.557187
690.000005000  1  3 149.020729  1000.000000
690.002447110  3  2 1000.000000 139.528786
691.000005000  1  3 149.034439  1000.000000
691.002447127  3  2 1000.000000 139.505083
692.000005000  1  3 149.050877  1000.000000
692.002447147  3  2 1000.000000 139.476597
693.000005000  1  3 149.067299  1000.000000
693.002447167  3  2 1000.000000 139.448064
694.000005000  1  3 149.080972  1000.000000
694.002447183  3  2 1000.000000 139.424251
695.000005000  1  3 149.097365  1000.000000
695.002447203  3  2 1000.000000 139.395632
696.000005000  1  3 149.111015  1000.000000
696.002447220  3  2 1000.000000 139.371747
697.000005000  1  3 149.127380  1000.000000
697.002447240  3  2 1000.000000 139.343041
698.000005000  1  3 149.141006  1000.000000
698.002447257  3  2 1000.000000 139.319083
699.000005000  1  3 149.157343  1000.000000
699.002447277  3  2 1000.000000 139.290290
700.000005000  1  3 149.170946  1000.000000
700.002447293  3  2 1000.000000 139.266259
701.000005000  1  3 149.187255  1000.000000
701.002447313  3  2 1000.000000 139.237379
702.000005000  1  3 149.203549  1000.000000
702.002447333  3  2 1000.000000 139.208450
703.000005000  1  3 149.217115  1000.000000
703.002447350  3  2 1000.000000 139.184305
704.000005000  1  3 149.233381  1000.000000
704.002447370  3  2 1000.000000 139.155288
705.000005000  1  3 149.246924  1000.000000
705.002447387  3  2 1000.000000 139.131070
706.000005000  1  3 149.263162  1000.000000
706.002447407  3  2 1000.000000 139.101963
707.000005000  1  3 149.276682  1000.000000
707.002447423  3  2 1000.000000 139.077670
708.000005000  1  3 149.292892  1000.000000
708.002447443  3  2 1000.000000 139.048474
709.000005000  1  3 149.306389  1000.000000
709.002447460  3  2 1000.000000 139.024106
710.000005000  1  3 149.322571  1000.000000
710.002447480  3  2 1000.000000 138.994820
711.000005000  1  3 149.338738  1000.000000
711.002447500  3  2 1000.000000 138.965484
712.000005000  1  3 149.352200  1000.000000
712.002447517  3  2 1000.000000 138.940999
713.000005000  1  3 149.368339  1000.000000
713.002447537  3  2 1000.000000 138.911572
714.000005000  1  3 149.381778  1000.000000
714.002447553  3  2 1000.000000 138.887011
715.000005000  1  3 149.397890  1000.000000
715.002447573  3  2 1000.000000 138.857493
716.000005000  1  3 149.411306  1000.000000
716.002447590  3  2 1000.000000 138.832855
717.000005000  1  3 149.427391  1000.000000
717.002447610  3  2 1000.000000 138.803244
718.000005000  1  3 149.440783  1000.000000
718.002447627  3  2 1000.000000 138.778530
719.000005000  1  3 149.456841  1000.000000
719.002447647  3  2 1000.000000 138.748826
720.000005000  1  3 149.472884  1000.000000
720.002447667  3  2 1000.000000 138.719071
721.000005000  1  3 149.486242  1000.000000
721.002447683  3  2 1000.000000 138.694237
722.000005000  1  3 149.502257  1000.000000
722.002447703  3  2 1000.000000 138.664388
723.000005000  1  3 149.515593  1000.000000
723.002447720  3  2 1000.000000 138.639475
724.000005000  1  3 149.531581  1000.000000
724.002447740  3  2 1000.000000 138.609533
725.000005000  1  3 149.544894  1000.000000
725.002447757  3  2 1000.000000 138.584541
726.000005000  1  3 149.560856  1000.000000
726.002447777  3  2 1000.000000 138.554503
727.000005000  1  3 149.574146  1000.000000
727.002447793  3  2 1000.000000 138.529432
728.000005000  1  3 149.590081  1000.000000
728.002447813  3  2 1000.000000 138.499299
729.000005000  1  3 149.606002  1000.000000
729.002447833  3  2 1000.000000 138.469113
730.000005000  1  3 149.619257  1000.000000
730.002447850  3  2 1000.000000 138.443919
731.000005000  1  3 149.635151  1000.000000
731.002447870  3  2 1000.000000 138.413637
732.000005000  1  3 149.648385  1000.000000
732.002447887  3  2 1000.000000 138.388361
733.000005000  1  3 149.664252  1000.000000
733.002447907  3  2 1000.000000 138.357982
734.000005000  1  3 149.677463  1000.000000
734.002447923  3  2 1000.000000 138.332626
735.000005000  1  3 149.693304  1000.000000
735.002447943  3  2 1000.000000 138.302149
736.000005000  1  3 149.706493  1000.000000
736.002447960  3  2 1000.000000 138.276711
737.000005000  1  3 149.722307  1000.000000
737.002447980  3  2 1000.000000 138.246135
738.000005000  1  3 149.738107  1000.000000
738.002448000  3  2 1000.000000 138.215506
739.000005000  1  3 149.751263  1000.000000
739.002448017  3  2 1000.000000 138.189941
740.000005000  1  3 149.767036  1000.000000
740.002448037  3  2 1000.000000 138.159212
741.000005000  1  3 149.780169  1000.000000
741.002448053  3  2 1000.000000 138.133564
742.000005000  1  3 149.795917  1000.000000
742.002448073  3  2 1000.000000 138.102735
743.000005000  1  3 149.809028  1000.000000
743.002448090  3  2 1000.000000 138.077003
744.000005000  1  3 149.824750  1000.000000
744.002448110  3  2 1000.000000 138.046074
745.000005000  1  3 149.837840  1000.000000
745.002448127  3  2 1000.000000 138.020258
746.000005000  1  3 149.853535  1000.000000
746.002448147  3  2 1000.000000 137.989228
747.000005000  1  3 149.869215  1000.000000
747.002448167  3  2 1000.000000 137.958142
748.000005000  1  3 149.882272  1000.000000
748.002448183  3  2 1000.000000 137.932195
749.000005000  1  3 149.897927  1000.000000
749.002448203  3  2 1000.000000 137.901006
750.000005000  1  3 149.910962  1000.000000
750.002448220  3  2 1000.000000 137.874973
751.000005000  1  3 149.926591  1000.000000
751.002448240  3  2 1000.000000 137.843682
752.000005000  1  3 149.939605  1000.000000
752.002448257  3  2 1000.000000 137.817563
753.000005000  1  3 149.955208  1000.000000
753.002448277  3  2 1000.000000 137.786168
754.000005000  1  3 149.968200  1000.000000
754.002448293  3  2 1000.000000 137.759963
755.000005000  1  3 149.983778  1000.000000
755.002448313  3  2 1000.000000 137.728464
756.000005000  1  3 149.999342  1000.000000
756.002448333  3  2 1000.000000 137.696907
757.000005000  1  3 150.012301  1000.000000
757.002448350  3  2 1000.000000 137.670566
758.000005000  1  3 150.027839  1000.000000
758.002448370  3  2 1000.000000 137.638905
759.000005000  1  3 150.040777  1000.000000
759.002448387  3  2 1000.000000 137.612476
760.000005000  1  3 150.056290  1000.000000
760.002448407  3  2 1000.000000 137.580708
761.000005000  1  3 150.069207  1000.000000
761.002448423  3  2 1000.000000 137.554190
762.000005000  1  3 150.084694  1000.000000
762.002448443  3  2 1000.000000 137.522315
763.000005000  1  3 150.097590  1000.000000
763.002448460  3  2 1000.000000 137.495708
764.000005000  1  3 150.113052  1000.000000
764.002448480  3  2 1000.000000 137.463725
765.000005000  1  3 150.128501  1000.000000
765.002448500  3  2 1000.000000 137.431684
766.000005000  1  3 150.141364  1000.000000
766.002448517  3  2 1000.000000 137.404938
767.000005000  1  3 150.156787  1000.000000
767.002448537  3  2 1000.000000 137.372788
768.000005000  1  3 150.169629  1000.000000
768.002448553  3  2 1000.000000 137.345950
769.000005000  1  3 150.185028  1000.000000
769.002448573  3  2 1000.000000 137.313691
770.000005000  1  3 150.197849  1000.000000
770.002448590  3  2 1000.000000 137.286762
771.000005000  1  3 150.213222  1000.000000
771.002448610  3  2 1000.000000 137.254392
772.000005000  1  3 150.226023  1000.000000
772.002448627  3  2 1000.000000 137.227371
773.000005000  1  3 150.241371  1000.000000
773.002448647  3  2 1000.000000 137.194890
774.000005000  1  3 150.256706  1000.000000
774.002448667  3  2 1000.000000 137.162349
775.000005000  1  3 150.269475  1000.000000
775.002448683  3  2 1000.000000 137.135184
776.000005000  1  3 150.284785  1000.000000
776.002448703  3  2 1000.000000 137.102530
777.000005000  1  3 150.297533  1000.000000
777.002448720  3  2 1000.000000 137.075272
778.000005000  1  3 150.312818  1000.000000
778.002448740  3  2 1000.000000 137.042505
779.000005000  1  3 150.325546  1000.000000
779.002448757  3  2 1000.000000 137.015153
780.000005000  1  3 150.340806  1000.000000
780.002448777  3  2 1000.000000 136.982272
781.000005000  1  3 150.353513  1000.000000
781.002448793  3  2 1000.000000 136.954824
782.000005000  1  3 150.368750  1000.000000
782.002448813  3  2 1000.000000 136.921829
783.000005000  1  3 150.383972  1000.000000
783.002448833  3  2 1000.000000 136.888772
784.000005000  1  3 150.396648  1000.000000
784.002448850  3  2 1000.000000 136.861176
785.000005000  1  3 150.411846  1000.000000
785.002448870  3  2 1000.000000 136.828002
786.000005000  1  3 150.424502  1000.000000
786.002448887  3  2 1000.000000 136.800309
787.000005000  1  3 150.439676  1000.000000
787.002448907  3  2 1000.000000 136.767019
788.000005000  1  3 150.452311  1000.000000
788.002448923  3  2 1000.000000 136.739229
789.000005000  1  3 150.467460  1000.000000
789.002448943  3  2 1000.000000 136.705822
790.000005000  1  3 150.480075  1000.000000
790.002448960  3  2 1000.000000 136.677933
791.000005000  1  3 150.495201  1000.000000
791.002448980  3  2 1000.000000 136.644408
792.000005000  1  3 150.510313  1000.000000
792.002449000  3  2 1000.000000 136.610817
793.000005000  1  3 150.522897  1000.000000
793.002449017  3  2 1000.000000 136.582776
794.000005000  1  3 150.537985  1000.000000
794.002449037  3  2 1000.000000 136.549066
795.000005000  1  3 150.550549  1000.000000
795.002449053  3  2 1000.000000 136.520924
796.000005000  1  3 150.565613  1000.000000
796.002449073  3  2 1000.000000 136.487094
797.000005000  1  3 150.578157  1000.000000
797.002449090  3  2 1000.000000 136.458852
798.000005000  1  3 150.593198  1000.000000
798.002449110  3  2 1000.000000 136.424901
799.000005000  1  3 150.605721  1000.000000
799.002449127  3  2 1000.000000 136.396557
800.000005000  1  3 150.620738  1000.000000
800.002449147  3  2 1000.000000 136.362484
801.000005000  1  3 150.635742  1000.000000
801.002449167  3  2 1000.000000 136.328343
802.000005000  1  3 150.648235  1000.000000
802.002449183  3  2 1000.000000 136.299842
803.000005000  1  3 150.663215  1000.000000
803.002449203  3  2 1000.000000 136.265578
804.000005000  1  3 150.675688  1000.000000
804.002449220  3  2 1000.000000 136.236973
805.000005000  1  3 150.690645  1000.000000
805.002449240  3  2 1000.000000 136.202584
806.000005000  1  3 150.703099  1000.000000
806.002449257  3  2 1000.000000 136.173876
807.000005000  1  3 150.718031  1000.000000
807.002449277  3  2 1000.000000 136.139362
808.000005000  1  3 150.730465  1000.000000
808.002449293  3  2 1000.000000 136.110548
809.000005000  1  3 150.745375  1000.000000
809.002449313  3  2 1000.000000 136.075909
810.000005000  1  3 150.760271  1000.000000
810.002449333  3  2 1000.000000 136.041200
811.000005000  1  3 150.772675  1000.000000
811.002449350  3  2 1000.000000 136.012223
812.000005000  1  3 150.787548  1000.000000
812.002449370  3  2 1000.000000 135.977386
813.000005000  1  3 150.799933  1000.000000
813.002449387  3  2 1000.000000 135.948302
814.000005000  1  3 150.814783  1000.000000
814.002449407  3  2 1000.000000 135.913337
815.000005000  1  3 150.827148  1000.000000
815.002449423  3  2 1000.000000 135.884146
816.000005000  1  3 150.841974  1000.000000
816.002449443  3  2 1000.000000 135.849051
817.000005000  1  3 150.854320  1000.000000
817.002449460  3  2 1000.000000 135.819752
818.000005000  1  3 150.869124  1000.000000
818.002449480  3  2 1000.000000 135.784527
819.000005000  1  3 150.883914  1000.000000
819.002449500  3  2 1000.000000 135.749230
820.000005000  1  3 150.896230  1000.000000
820.002449517  3  2 1000.000000 135.719762
821.000005000  1  3 150.910998  1000.000000
821.002449537  3  2 1000.000000 135.684333
822.000005000  1  3 150.923295  1000.000000
822.002449553  3  2 1000.000000 135.654754
823.000005000  1  3 150.938040  1000.000000
823.002449573  3  2 1000.000000 135.619193
824.000005000  1  3 150.950317  1000.000000
824.002449590  3  2 1000.000000 135.589502
825.000005000  1  3 150.965039  1000.000000
825.002449610  3  2 1000.000000 135.553807
826.000005000  1  3 150.977298  1000.000000
826.002449627  3  2 1000.000000 135.524004
827.000005000  1  3 150.991997  1000.000000
827.002449647  3  2 1000.000000 135.488174
828.000005000  1  3 151.006684  1000.000000
828.002449667  3  2 1000.000000 135.452270
829.000005000  1  3 151.018913  1000.000000
829.002449683  3  2 1000.000000 135.422292
830.000005000  1  3 151.033577  1000.000000
830.002449703  3  2 1000.000000 135.386251
831.000005000  1  3 151.045787  1000.000000
831.002449720  3  2 1000.000000 135.356160
832.000005000  1  3 151.060428  1000.000000
832.002449740  3  2 1000.000000 135.319981
833.000005000  1  3 151.072620  1000.000000
833.002449757  3  2 1000.000000 135.289775
834.000005000  1  3 151.087239  1000.000000
834.002449777  3  2 1000.000000 135.253457
835.000005000  1  3 151.099411  1000.000000
835.002449793  3  2 1000.000000 135.223135
836.000005000  1  3 151.114007  1000.000000
836.002449813  3  2 1000.000000 135.186678
837.000005000  1  3 151.128591  1000.000000
837.002449833  3  2 1000.000000 135.150144
838.000005000  1  3 151.140735  1000.000000
838.002449850  3  2 1000.000000 135.119640
839.000005000  1  3 151.155297  1000.000000
839.002449870  3  2 1000.000000 135.082965
840.000005000  1  3 151.167422  1000.000000
840.002449887  3  2 1000.000000 135.052343
841.000005000  1  3 151.181961  1000.000000
841.002449907  3  2 1000.000000 135.015526
842.000005000  1  3 151.194067  1000.000000
842.002449923  3  2 1000.000000 134.984785
843.000005000  1  3 151.208584  1000.000000
843.002449943  3  2 1000.000000 134.947824
844.000005000  1  3 151.220672  1000.000000
844.002449960  3  2 1000.000000 134.916962
845.000005000  1  3 151.235167  1000.000000
845.002449980  3  2 1000.000000 134.879856
846.000005000  1  3 151.249649  1000.000000
846.002450000  3  2 1000.000000 134.842671
847.000005000  1  3 151.261709  1000.000000
847.002450017  3  2 1000.000000 134.811622
848.000005000  1  3 151.276169  1000.000000
848.002450037  3  2 1000.000000 134.774290
849.000005000  1  3 151.288211  1000.000000
849.002450053  3  2 1000.000000 134.743119
850.000005000  1  3 151.302649  1000.000000
850.002450073  3  2 1000.000000 134.705639
851.000005000  1  3 151.314672  1000.000000
851.002450090  3  2 1000.000000 134.674344
852.000005000  1  3 151.329088  1000.000000
852.002450110  3  2 1000.000000 134.636716
853.000005000  1  3 151.341093  1000.000000
853.002450127  3  2 1000.000000 134.605297
854.000005000  1  3 151.355487  1000.000000
854.002450147  3  2 1000.000000 134.567518
855.000005000  1  3 151.369870  1000.000000
855.002450167  3  2 1000.000000 134.529657
856.000005000  1  3 151.381846  1000.000000
856.002450183  3  2 1000.000000 134.498044
857.000005000  1  3 151.396207  1000.000000
857.002450203  3  2 1000.000000 134.460031
858.000005000  1  3 151.408165  1000.000000
858.002450220  3  2 1000.000000 134.428290
859.000005000  1  3 151.422504  1000.000000
859.002450240  3  2 1000.000000 134.390124
860.000005000  1  3 151.434445  1000.000000
860.002450257  3  2 1000.000000 134.358255
861.000005000  1  3 151.448762  1000.000000
861.002450277  3  2 1000.000000 134.319935
862.000005000  1  3 151.460684  1000.000000
862.002450293  3  2 1000.000000 134.287937
863.000005000  1  3 151.474980  1000.000000
863.002450313  3  2 1000.000000 134.249461
864.000005000  1  3 151.489264  1000.000000
864.002450333  3  2 1000.000000 134.210900
865.000005000  1  3 151.501158  1000.000000
865.002450350  3  2 1000.000000 134.178700
866.000005000  1  3 151.515421  1000.000000
866.002450370  3  2 1000.000000 134.139982
867.000005000  1  3 151.527298  1000.000000
867.002450387  3  2 1000.000000 134.107650
868.000005000  1  3 151.541539  1000.000000
868.002450407  3  2 1000.000000 134.068773
869.000005000  1  3 151.553397  1000.000000
869.002450423  3  2 1000.000000 134.036308
870.000005000  1  3 151.567617  1000.000000
870.002450443  3  2 1000.000000 133.997270
871.000005000  1  3 151.579458  1000.000000
871.002450460  3  2 1000.000000 133.964672
872.000005000  1  3 151.593656  1000.000000
872.002450480  3  2 1000.000000 133.925472
873.000005000  1  3 151.607843  1000.000000
873.002450500  3  2 1000.000000 133.886185
874.000005000  1  3 151.619657  1000.000000
874.002450517  3  2 1000.000000 133.853377
875.000005000  1  3 151.633822  1000.000000
875.002450537  3  2 1000.000000 133.813925
876.000005000  1  3 151.645618  1000.000000
876.002450553  3  2 1000.000000 133.780980
877.000005000  1  3 151.659763  1000.000000
877.002450573  3  2 1000.000000 133.741364
878.000005000  1  3 151.671541  1000.000000
878.002450590  3  2 1000.000000 133.708281
879.000005000  1  3 151.685664  1000.000000
879.002450610  3  2 1000.000000 133.668499
880.000005000  1  3 151.697425  1000.000000
880.002450627  3  2 1000.000000 133.635277
881.000005000  1  3 151.711527  1000.000000
881.002450647  3  2 1000.000000 133.595326
882.000005000  1  3 151.725618  1000.000000
882.002450667  3  2 1000.000000 133.555284
883.000005000  1  3 151.737352  1000.000000
883.002450683  3  2 1000.000000 133.521844
884.000005000  1  3 151.751422  1000.000000
884.002450703  3  2 1000.000000 133.481632
885.000005000  1  3 151.763138  1000.000000
885.002450720  3  2 1000.000000 133.448050
886.000005000  1  3 151.777188  1000.000000
886.002450740  3  2 1000.000000 133.407666
887.000005000  1  3 151.788887  1000.000000
887.002450757  3  2 1000.000000 133.373941
888.000005000  1  3 151.802915  1000.000000
888.002450777  3  2 1000.000000 133.333384
889.000005000  1  3 151.814597  1000.000000
889.002450793  3  2 1000.000000 133.299515
890.000005000  1  3 151.828604  1000.000000
890.002450813  3  2 1000.000000 133.258784
891.000005000  1  3 151.842601  1000.000000
891.002450833  3  2 1000.000000 133.217957
892.000005000  1  3 151.854256  1000.000000
892.002450850  3  2 1000.000000 133.183861
893.000005000  1  3 151.868231  1000.000000
893.002450870  3  2 1000.000000 133.142858
894.000005000  1  3 151.879869  1000.000000
894.002450887  3  2 1000.000000 133.108614
895.000005000  1  3 151.893824  1000.000000
895.002450907  3  2 1000.000000 133.067432
896.000005000  1  3 151.905445  1000.000000
896.002450923  3  2 1000.000000 133.033040
897.000005000  1  3 151.919379  1000.000000
897.002450943  3  2 1000.000000 132.991678
898.000005000  1  3 151.930983  1000.000000
898.002450960  3  2 1000.000000 132.957135
899.000005000  1  3 151.944897  1000.000000
899.002450980  3  2 1000.000000 132.915592